.Random.seed <-
c(403L, 10L, -1025181126L, -702172868L, -803529089L, 379684309L, 
-1544094740L, -1889010366L, 1986691741L, -1200541929L, 1818644094L, 
-625447368L, 1021597979L, 1092746873L, -1558332728L, 794749686L, 
1824744241L, -63786141L, -2121955022L, 206961284L, -677030201L, 
925474205L, 334788884L, 1877841850L, -1114422779L, -1608018977L, 
-1160811930L, -1791728144L, -2142821613L, 509185201L, 1557401440L, 
-232485634L, -170849143L, -1260377157L, 1360692618L, -1963228052L, 
-1482940945L, -906029531L, -2106576164L, 1607067826L, -1189434451L, 
201453415L, -598229874L, 1781938536L, 1120037227L, 747531017L, 
1771093400L, -1467765562L, 53294625L, 279582387L, 1623604258L, 
-1533065708L, 1375222423L, -23268211L, -118195804L, -396860534L, 
-686960651L, 149208655L, 1112394070L, 2084992000L, 1959132483L, 
-339447583L, -1441068464L, 1975989934L, 1001423449L, 384412267L, 
-2017845286L, -953589604L, -63827297L, -1394425611L, -1124873844L, 
-751803294L, 1788585021L, 2049427127L, 1712186718L, -175919976L, 
568326139L, 451001753L, 2007219752L, 1748190934L, 1066898257L, 
-391465469L, -852166254L, 1629685540L, 606366183L, -664746435L, 
763949236L, -71473382L, 813780069L, 1024476415L, -1965218426L, 
-1298277616L, -98132045L, 557524049L, 1709066240L, 633723102L, 
1332712233L, -77033765L, -1608049174L, 505406860L, -1722598705L, 
1207207557L, -1256872644L, 1255368722L, 733366029L, 990946375L, 
-1349482962L, -1337036920L, -874632565L, 1665252457L, -1862328264L, 
484698342L, 107876481L, 686139411L, -1629241406L, 1045252212L, 
1677401719L, 230195053L, -1631453180L, -520684758L, -835690347L, 
1171185455L, -1898813898L, -1002716576L, 197017763L, 1085363137L, 
-144072784L, -268768562L, -1643456455L, 1723260491L, -76028934L, 
592842492L, -896974017L, -1192489963L, -1567430868L, -1987982334L, 
-1809387811L, -1289110057L, 727587006L, -354923784L, -1368928037L, 
1534907193L, 811996808L, 1605788214L, 1171733105L, 1486962851L, 
707529202L, 967240004L, 1842299399L, -630599715L, -1928881964L, 
484272122L, 1464213317L, -1933685857L, -1753415386L, -1378127440L, 
1387145811L, -708078223L, 1213822112L, -2132356034L, -454649015L, 
-189806085L, -1957319222L, 59892524L, -2055501009L, -601730587L, 
1852595356L, -1497270030L, -538693267L, 1006141095L, -948916018L, 
-1057169880L, 1965270571L, -1796985783L, 864513368L, -332803066L, 
-1578396191L, -25297037L, -727884830L, 1933243220L, -382099881L, 
39700045L, -1798587932L, 1006605258L, -685140427L, -360530801L, 
1780127126L, -881645248L, 1202693123L, 652826145L, -1525071600L, 
-1133007122L, -1550232935L, -9786581L, -517310950L, -890692388L, 
2098794719L, -608878923L, 1288419404L, -1944402782L, -935177219L, 
990417143L, -392153570L, 1732692184L, 1098824763L, 2050180569L, 
-106273944L, 2143882902L, 750364689L, -2037511741L, 1352218066L, 
-2080080796L, -1744630873L, -1404033795L, -69451532L, 1263056858L, 
-1126339803L, 570358335L, 384483782L, -737774000L, 1328630387L, 
-774656367L, -1073432896L, -1984946018L, -1703752599L, 1933138075L, 
-1196369494L, 1986904524L, 1139649679L, 402003584L, -1307109900L, 
2057810568L, 1047568186L, 306315088L, -579339156L, -1486064236L, 
-1936014254L, -1303635488L, -112497460L, -966842208L, 940149122L, 
829413608L, 1850710764L, -670448324L, -363477902L, 813304944L, 
488215588L, 1692356664L, 806511386L, -1618844464L, 1035670332L, 
1007886228L, -1490675838L, 395013568L, -1425149380L, 1104181648L, 
520639010L, -1867313912L, -1156029812L, 8455964L, -1959040878L, 
-1070274176L, -1747932652L, 1174201128L, -1519821254L, 1163448784L, 
137475436L, 1284991924L, 1381633042L, 1489508832L, 435280844L, 
-604239648L, 693436450L, -1329001176L, -1227805172L, -509248708L, 
542802930L, -994943248L, -1053613500L, -662376872L, -2067430598L, 
1569513968L, -399282500L, 480128276L, 321402562L, -184485792L, 
1802311548L, -930432048L, -743772894L, 1598654120L, 1622186892L, 
-746951492L, 54609714L, 119421504L, -1356533580L, 1986845256L, 
-188887622L, 14864912L, -1112246548L, -1261370028L, 111359250L, 
-1786893920L, -1278069044L, -1235902880L, 1207258050L, -1106384088L, 
1560456108L, -1457815748L, -355500686L, 1987440432L, 969880868L, 
-1736256712L, -729788710L, -1960305776L, -641365252L, -984034412L, 
1325850690L, 1961431296L, -1340744644L, 1431885136L, 1124913314L, 
-1880849080L, 1755519756L, -1586930980L, -1333780142L, 820521088L, 
576334932L, 1486951400L, 327412986L, 848998224L, 453801772L, 
-247538316L, 23314322L, 1962159200L, -1204664948L, 1363493728L, 
467707362L, 1764692904L, 1404590284L, -1141992452L, 934719922L, 
1620229616L, 54173636L, -1670903464L, 2007321978L, 818542512L, 
-547693124L, 912151636L, 1915029442L, 1293379616L, -1409269572L, 
-761395632L, 1808316386L, 1261787240L, -1974675380L, 1660642556L, 
1016092658L, 233635072L, 610915700L, 877740040L, -1748544582L, 
584898000L, -575385620L, 659940756L, -98836014L, -95266464L, 
-135537844L, 621457696L, 1664550786L, -1439727896L, 332245228L, 
-812185540L, 2061844338L, -1744023952L, 1646115876L, -1182871752L, 
-1187857254L, 2085864144L, 703451324L, -2032533868L, -1377407358L, 
1558216896L, -1947556036L, -36720L, -1295253982L, -45224952L, 
-1443418868L, 1003502748L, -918441454L, 577770368L, 804660756L, 
1160248872L, -2132492998L, -447287856L, -1150142356L, 1704740148L, 
607570578L, 899284832L, -1650520244L, -2015373344L, -1257960542L, 
-760136792L, -1911035508L, 1784835260L, -709361294L, 1424398576L, 
1092114500L, 1672734040L, 230328890L, 173166448L, 1305283644L, 
381596436L, -2098907710L, -717422880L, -618386564L, -1650277680L, 
1803476130L, 1660182568L, -1001277172L, 117996476L, -2052707022L, 
109928896L, -809461196L, -1592561720L, -333239110L, -1578815088L, 
-526478868L, 1657906772L, 6075538L, 490193696L, 1891508684L, 
-414538272L, 1528714946L, 243890216L, 1669727916L, -1017147204L, 
-454189582L, -1511740112L, -249715548L, 1870654136L, -1050896038L, 
1420339600L, 9787260L, 7244052L, 752418626L, -1261121792L, -1533971524L, 
-871283888L, -270995678L, 1509995848L, -2144424436L, 1287514204L, 
1769337042L, 2106531328L, 379380052L, -625750552L, 1746065855L, 
1021349208L, 1853059958L, -649129597L, 1284461509L, 1386711266L, 
-156062384L, 1823210617L, -1246261333L, 556266780L, -637205942L, 
-766704065L, 63347337L, -619888994L, -1761273012L, 1616165661L, 
1047382695L, -2132082224L, 830548334L, -1958980581L, -904004227L, 
-1577354390L, 986643976L, 1536176817L, 1789721891L, 971558436L, 
1811358930L, -1736121049L, -1152782479L, 904965558L, 1168872788L, 
1291785189L, -607400465L, 1245762856L, 86795654L, 954286515L, 
370318613L, -1810661518L, 1251396544L, -1883907031L, 382773403L, 
-54708884L, -2114474630L, -401875281L, -1440327L, 14133198L, 
-2117941476L, -890407283L, -387565833L, 685586944L, -1620802466L, 
1137706795L, 275555373L, 2000352410L, 1435088984L, -974917695L, 
-2135392141L, -394151532L, -1259980766L, 589868855L, 1512747521L, 
-1216419066L, -1103382716L, -341226891L, 523185119L, 417558328L, 
114260246L, 134669603L, 657577701L, 1150070530L, -778287760L, 
-722881255L, -1003598581L, 2113064444L, -1789204950L, -1976242593L, 
-1907290647L, -1663594754L, -1769140500L, 1926725181L, 1367035399L, 
-958766608L, -166895218L, 1246996411L, -857992803L, 1278644042L, 
-1503071384L, -700619439L, 207676995L, 374410052L, 1816319986L, 
-1801701945L, -839574639L, -575827178L, -1412716684L, 1619408389L, 
372162127L, -2110989752L, 1658522598L, -1786731245L, 65960565L, 
-595441582L, -409769312L, -349243511L, 563774395L, 1498481676L, 
1247076762L, -1215815409L, 2110639961L, -1855667730L, -1024824196L, 
-943449875L, 1660997527L, -1538656160L, -1225762242L, -986641653L, 
724504973L, 830872250L, 21876984L, -1239134559L, 830432851L, 
1133156724L, -1136271614L, -1146603625L, 145193313L, 2080276902L, 
1715639204L, -1807061419L, 770133759L, -1998359656L, 2116986038L, 
1158295875L, 703031429L, 7606562L, 274391568L, 50194873L, -26359189L, 
1518871900L, 515150986L, -555189121L, -1418750519L, -221712802L, 
-2138542836L, -1164248867L, -181955097L, -87454192L, -900168914L, 
